01/01/2021	4,2	8,5	10,8	7,2	76,5	16,2	86	63	359	4,6	90	-9999	-9999	-9999	-9999	-9999	-9999	-9999	-9999	-9999	-9999	-9999	-9999	-9999	-9999	-9999	
02/01/2021	3,6	8,7	10,6	7,1	76,4	7,7	87	62	15	4,7	45	-9999	-9999	-9999	-9999	-9999	-9999	-9999	-9999	-9999	-9999	-9999	-9999	-9999	-9999	-9999	
03/01/2021	2,8	8,8	10,3	7,5	79,2	13,4	87	68	319	5,3	90	-9999	-9999	-9999	-9999	-9999	-9999	-9999	-9999	-9999	-9999	-9999	-9999	-9999	-9999	-9999	
04/01/2021	3,7	8	9,4	6,8	77,8	10,2	89	64	9	4,3	45	-9999	-9999	-9999	-9999	-9999	-9999	-9999	-9999	-9999	-9999	-9999	-9999	-9999	-9999	-9999	
05/01/2021	4,6	7,9	10,2	5,7	70,6	7,6	82	59	60	2,8	45	-9999	-9999	-9999	-9999	-9999	-9999	-9999	-9999	-9999	-9999	-9999	-9999	-9999	-9999	-9999	
06/01/2021	5	7,3	10,5	5,3	70,2	9,4	83	55	47	2,2	90	-9999	-9999	-9999	-9999	-9999	-9999	-9999	-9999	-9999	-9999	-9999	-9999	-9999	-9999	-9999	
07/01/2021	5,7	7,3	10,4	4,8	68,9	11,5	80	58	36	2	45	-9999	-9999	-9999	-9999	-9999	-9999	-9999	-9999	-9999	-9999	-9999	-9999	-9999	-9999	-9999	
08/01/2021	7,5	7,6	10,8	4,2	61,7	15,2	83	43	43	0,4	45	-9999	-9999	-9999	-9999	-9999	-9999	-9999	-9999	-9999	-9999	-9999	-9999	-9999	-9999	-9999	
09/01/2021	11,3	8,1	10	6,7	60,1	18,9	70	52	35	0,8	45	-9999	-9999	-9999	-9999	-9999	-9999	-9999	-9999	-9999	-9999	-9999	-9999	-9999	-9999	-9999	
10/01/2021	11,6	9,9	11,5	8,7	56,7	19	66	47	38	1,6	45	-9999	-9999	-9999	-9999	-9999	-9999	-9999	-9999	-9999	-9999	-9999	-9999	-9999	-9999	-9999	
11/01/2021	4,7	9,4	12	7,8	57,7	11,7	77	44	34	1,4	45	-9999	-9999	-9999	-9999	-9999	-9999	-9999	-9999	-9999	-9999	-9999	-9999	-9999	-9999	-9999	
12/01/2021	3,1	9	10,9	7,4	69,5	6	85	59	65	3,7	90	-9999	-9999	-9999	-9999	-9999	-9999	-9999	-9999	-9999	-9999	-9999	-9999	-9999	-9999	-9999	
13/01/2021	3,4	9	10,9	6,7	77,1	6,9	86	68	357	5,2	45	-9999	-9999	-9999	-9999	-9999	-9999	-9999	-9999	-9999	-9999	-9999	-9999	-9999	-9999	-9999	
14/01/2021	4,5	10,8	12,5	8,5	76,9	8,9	87	70	76	6,9	45	-9999	-9999	-9999	-9999	-9999	-9999	-9999	-9999	-9999	-9999	-9999	-9999	-9999	-9999	-9999	
15/01/2021	4,4	11,1	12,5	8,8	82,4	7,5	90	71	317	8,1	45	-9999	-9999	-9999	-9999	-9999	-9999	-9999	-9999	-9999	-9999	-9999	-9999	-9999	-9999	-9999	
16/01/2021	4,1	9,2	11,8	6,4	80,1	7,5	89	61	72	5,9	45	-9999	-9999	-9999	-9999	-9999	-9999	-9999	-9999	-9999	-9999	-9999	-9999	-9999	-9999	-9999	
17/01/2021	4,7	11,4	14,2	8,8	80,4	11,3	90	73	341	8,1	45	-9999	-9999	-9999	-9999	-9999	-9999	-9999	-9999	-9999	-9999	-9999	-9999	-9999	-9999	-9999	
18/01/2021	3,3	11,1	12,7	9,6	84,5	6,2	93	75	55	8,6	45	-9999	-9999	-9999	-9999	-9999	-9999	-9999	-9999	-9999	-9999	-9999	-9999	-9999	-9999	-9999	
19/01/2021	11,8	12,7	13,9	10,9	71,4	26,1	84	58	171	7,7	180	-9999	-9999	-9999	-9999	-9999	-9999	-9999	-9999	-9999	-9999	-9999	-9999	-9999	-9999	-9999	
20/01/2021	13,1	13,7	14,4	12,2	85,2	30,7	93	69	179	11,3	225	-9999	-9999	-9999	-9999	-9999	-9999	-9999	-9999	-9999	-9999	-9999	-9999	-9999	-9999	-9999	
21/01/2021	11,4	13,9	14,6	11,7	88,5	25,5	95	82	214	12	225	-9999	-9999	-9999	-9999	-9999	-9999	-9999	-9999	-9999	-9999	-9999	-9999	-9999	-9999	-9999	
22/01/2021	9,8	12,5	13,3	11,1	75,1	25,2	84	67	275	8,2	270	-9999	-9999	-9999	-9999	-9999	-9999	-9999	-9999	-9999	-9999	-9999	-9999	-9999	-9999	-9999	
23/01/2021	11,5	13,6	14,5	11,4	85,3	19	96	74	200	11,1	225	-9999	-9999	-9999	-9999	-9999	-9999	-9999	-9999	-9999	-9999	-9999	-9999	-9999	-9999	-9999	
24/01/2021	8,1	13,1	13,6	12,5	84,8	17,2	97	74	194	10,6	180	-9999	-9999	-9999	-9999	-9999	-9999	-9999	-9999	-9999	-9999	-9999	-9999	-9999	-9999	-9999	
25/01/2021	7,5	13,8	13,9	13,5	97,1	16,5	98	95	200	13,3	225	-9999	-9999	-9999	-9999	-9999	-9999	-9999	-9999	-9999	-9999	-9999	-9999	-9999	-9999	-9999	
26/01/2021	6,5	14	14,2	13,5	98,2	10,2	99	98	184	13,7	180	-9999	-9999	-9999	-9999	-9999	-9999	-9999	-9999	-9999	-9999	-9999	-9999	-9999	-9999	-9999	
27/01/2021	7,1	13,6	14,2	13,1	97,7	11,2	99	93	174	13,2	180	-9999	-9999	-9999	-9999	-9999	-9999	-9999	-9999	-9999	-9999	-9999	-9999	-9999	-9999	-9999	
28/01/2021	10,5	13,4	13,7	13	96,6	15,4	98	90	181	12,9	180	-9999	-9999	-9999	-9999	-9999	-9999	-9999	-9999	-9999	-9999	-9999	-9999	-9999	-9999	-9999	
29/01/2021	11,8	13,6	14,5	13,3	96,1	19	98	89	177	13	180	-9999	-9999	-9999	-9999	-9999	-9999	-9999	-9999	-9999	-9999	-9999	-9999	-9999	-9999	-9999	
30/01/2021	10,4	13,9	14,2	12,2	77,1	19	89	65	274	9,9	270	-9999	-9999	-9999	-9999	-9999	-9999	-9999	-9999	-9999	-9999	-9999	-9999	-9999	-9999	-9999	
31/01/2021	8,1	13,8	14,7	12,2	94,1	13,5	98	85	195	12,9	225	-9999	-9999	-9999	-9999	-9999	-9999	-9999	-9999	-9999	-9999	-9999	-9999	-9999	-9999	-9999	
01/02/2021	9,2	14	14,7	13,1	92	18,8	96	87	191	12,7	180	-9999	-9999	-9999	-9999	-9999	-9999	-9999	-9999	-9999	-9999	-9999	-9999	-9999	-9999	-9999	
02/02/2021	13,6	14,1	14,6	13,7	93,1	21,9	97	89	185	12,9	180	-9999	-9999	-9999	-9999	-9999	-9999	-9999	-9999	-9999	-9999	-9999	-9999	-9999	-9999	-9999	
03/02/2021	10,9	13,9	14,3	11,7	83,2	18,7	90	74	200	11,1	180	-9999	-9999	-9999	-9999	-9999	-9999	-9999	-9999	-9999	-9999	-9999	-9999	-9999	-9999	-9999	
04/02/2021	5,3	12,7	13,6	11,4	78,4	14,3	88	68	240	9	135	-9999	-9999	-9999	-9999	-9999	-9999	-9999	-9999	-9999	-9999	-9999	-9999	-9999	-9999	-9999	
05/02/2021	7,2	11,6	13,4	10,1	79,1	20,7	90	69	3	8,1	0	-9999	-9999	-9999	-9999	-9999	-9999	-9999	-9999	-9999	-9999	-9999	-9999	-9999	-9999	-9999	
06/02/2021	9,2	11,1	12,2	9,4	67,8	22,6	77	55	6	5,4	0	-9999	-9999	-9999	-9999	-9999	-9999	-9999	-9999	-9999	-9999	-9999	-9999	-9999	-9999	-9999	
07/02/2021	8,6	10,6	13,7	7,5	82,4	21	97	68	178	7,7	180	-9999	-9999	-9999	-9999	-9999	-9999	-9999	-9999	-9999	-9999	-9999	-9999	-9999	-9999	-9999	
08/02/2021	10,6	12,6	13,3	10,2	80,9	19,2	92	75	286	9,4	270	-9999	-9999	-9999	-9999	-9999	-9999	-9999	-9999	-9999	-9999	-9999	-9999	-9999	-9999	-9999	
09/02/2021	11,9	12,6	13,4	9,9	78,1	23,5	94	64	216	8,9	225	-9999	-9999	-9999	-9999	-9999	-9999	-9999	-9999	-9999	-9999	-9999	-9999	-9999	-9999	-9999	
10/02/2021	6,6	12,4	14,9	10,3	75,9	17,1	95	61	285	8,2	180	-9999	-9999	-9999	-9999	-9999	-9999	-9999	-9999	-9999	-9999	-9999	-9999	-9999	-9999	-9999	
11/02/2021	11,2	14,1	14,6	13,1	94,3	17,7	97	90	178	13,2	180	-9999	-9999	-9999	-9999	-9999	-9999	-9999	-9999	-9999	-9999	-9999	-9999	-9999	-9999	-9999	
12/02/2021	6,3	13,6	13,9	12,9	87	11	92	82	184	11,4	180	-9999	-9999	-9999	-9999	-9999	-9999	-9999	-9999	-9999	-9999	-9999	-9999	-9999	-9999	-9999	
13/02/2021	9,8	13,9	15	13,3	85,7	16,5	93	69	185	11,5	180	-9999	-9999	-9999	-9999	-9999	-9999	-9999	-9999	-9999	-9999	-9999	-9999	-9999	-9999	-9999	
14/02/2021	9,9	15,2	16,5	13,7	69,4	16,4	93	49	165	9,4	180	-9999	-9999	-9999	-9999	-9999	-9999	-9999	-9999	-9999	-9999	-9999	-9999	-9999	-9999	-9999	
15/02/2021	9,2	15,9	19,9	14,6	69	15,9	85	38	182	10	180	-9999	-9999	-9999	-9999	-9999	-9999	-9999	-9999	-9999	-9999	-9999	-9999	-9999	-9999	-9999	
16/02/2021	8,8	13,8	14,2	12,1	86,6	20,9	96	78	187	11,5	180	-9999	-9999	-9999	-9999	-9999	-9999	-9999	-9999	-9999	-9999	-9999	-9999	-9999	-9999	-9999	
17/02/2021	9,9	13,5	14,7	11,7	86,9	21,7	96	78	186	11,3	180	-9999	-9999	-9999	-9999	-9999	-9999	-9999	-9999	-9999	-9999	-9999	-9999	-9999	-9999	-9999	
18/02/2021	8,6	13,3	13,8	11,9	77,1	18,5	94	64	211	9,3	225	-9999	-9999	-9999	-9999	-9999	-9999	-9999	-9999	-9999	-9999	-9999	-9999	-9999	-9999	-9999	
19/02/2021	15,6	14,9	16,6	13,2	78,1	28,8	88	66	177	11,1	180	-9999	-9999	-9999	-9999	-9999	-9999	-9999	-9999	-9999	-9999	-9999	-9999	-9999	-9999	-9999	
20/02/2021	14,6	14,3	15,1	10,8	78	35,6	96	64	165	10,4	180	-9999	-9999	-9999	-9999	-9999	-9999	-9999	-9999	-9999	-9999	-9999	-9999	-9999	-9999	-9999	
21/02/2021	4,3	11,2	12,7	9,5	72,1	10,1	88	56	77	6,2	135	-9999	-9999	-9999	-9999	-9999	-9999	-9999	-9999	-9999	-9999	-9999	-9999	-9999	-9999	-9999	
22/02/2021	6,9	12,3	14,6	9,8	69,4	14,1	83	57	185	6,8	135	-9999	-9999	-9999	-9999	-9999	-9999	-9999	-9999	-9999	-9999	-9999	-9999	-9999	-9999	-9999	
23/02/2021	11	15,2	17,4	13,9	70	20,1	83	45	185	9,7	180	-9999	-9999	-9999	-9999	-9999	-9999	-9999	-9999	-9999	-9999	-9999	-9999	-9999	-9999	-9999	
24/02/2021	10,4	14,9	16,5	11,2	63,2	21,8	88	44	174	7,6	180	-9999	-9999	-9999	-9999	-9999	-9999	-9999	-9999	-9999	-9999	-9999	-9999	-9999	-9999	-9999	
25/02/2021	6	12,2	13,6	11,1	79,1	11,5	87	69	38	8,6	0	-9999	-9999	-9999	-9999	-9999	-9999	-9999	-9999	-9999	-9999	-9999	-9999	-9999	-9999	-9999	
26/02/2021	4,7	14,3	17,3	12,4	75,9	9,2	91	59	46	10	45	-9999	-9999	-9999	-9999	-9999	-9999	-9999	-9999	-9999	-9999	-9999	-9999	-9999	-9999	-9999	
27/02/2021	3,8	14,1	16,1	12,5	81,4	8	91	68	45	10,9	45	-9999	-9999	-9999	-9999	-9999	-9999	-9999	-9999	-9999	-9999	-9999	-9999	-9999	-9999	-9999	
28/02/2021	3,6	13,5	14,6	12,2	80,2	8,2	88	67	55	10,1	45	-9999	-9999	-9999	-9999	-9999	-9999	-9999	-9999	-9999	-9999	-9999	-9999	-9999	-9999	-9999	
01/03/2021	8,3	13,8	14,3	11,9	79,7	14,4	86	68	196	10,3	180	-9999	-9999	-9999	-9999	-9999	-9999	-9999	-9999	-9999	-9999	-9999	-9999	-9999	-9999	-9999	
02/03/2021	5,6	13,7	14,2	12,2	78,8	10,9	85	72	184	10,1	180	-9999	-9999	-9999	-9999	-9999	-9999	-9999	-9999	-9999	-9999	-9999	-9999	-9999	-9999	-9999	
03/03/2021	3,1	13,4	16	11	78,3	5,3	87	62	76	9,6	45	-9999	-9999	-9999	-9999	-9999	-9999	-9999	-9999	-9999	-9999	-9999	-9999	-9999	-9999	-9999	
04/03/2021	3,5	14,3	14,8	13,6	81,8	7,9	91	73	350	11,2	0	-9999	-9999	-9999	-9999	-9999	-9999	-9999	-9999	-9999	-9999	-9999	-9999	-9999	-9999	-9999	
05/03/2021	4,9	15,6	20,3	13,4	71,4	12,5	89	40	12	10,1	0	-9999	-9999	-9999	-9999	-9999	-9999	-9999	-9999	-9999	-9999	-9999	-9999	-9999	-9999	-9999	
06/03/2021	5,4	13,8	16,9	11,6	72,6	9,8	84	56	10	8,9	45	-9999	-9999	-9999	-9999	-9999	-9999	-9999	-9999	-9999	-9999	-9999	-9999	-9999	-9999	-9999	
07/03/2021	7,5	11,8	14,6	9,6	67,9	17,4	80	55	341	6	45	-9999	-9999	-9999	-9999	-9999	-9999	-9999	-9999	-9999	-9999	-9999	-9999	-9999	-9999	-9999	
08/03/2021	10,4	11,1	13,9	9	63,2	18,9	75	48	353	4,2	0	-9999	-9999	-9999	-9999	-9999	-9999	-9999	-9999	-9999	-9999	-9999	-9999	-9999	-9999	-9999	
09/03/2021	4,4	10,6	28,3	-28,4	64,5	14,8	80	12	99	4,1	45	-9999	-9999	-9999	-9999	-9999	-9999	-9999	-9999	-9999	-9999	-9999	-9999	-9999	-9999	-9999	
10/03/2021	6,2	11,9	13,5	9,6	86,3	13,7	97	69	189	9,7	180	-9999	-9999	-9999	13,5	41,1	34,7	26,1	13,6	41,3	34,9	26,2	13,3	40,6	34,3	25,8	
11/03/2021	7	13,3	14,2	12,2	89	15,2	96	76	198	11,5	180	-9999	-9999	-9999	13,4	38,9	33,2	24,7	13,5	41,1	34,7	29,1	13,3	29,1	32	18,8	
12/03/2021	4,3	12,8	13,4	11,6	69,8	12,9	79	60	264	7,4	315	-9999	-9999	-9999	13,5	40,2	33,8	25,4	13,8	40,5	34,1	25,6	13,3	39	32,9	24,7	
13/03/2021	6,1	13,2	14	12,1	73	11,1	89	60	294	8,5	270	-9999	-9999	-9999	13,5	40,6	34,2	25,6	13,7	41	34,5	25,9	13,4	40,2	33,8	25,4	
14/03/2021	5,3	13,4	14,6	12,5	78,3	10,3	85	69	334	9,7	315	-9999	-9999	-9999	13,6	40,5	34	25,5	14	41,2	34,6	26	13,4	39,8	33,5	25,2	
15/03/2021	4,7	13,8	17	11,1	73,4	8,3	84	60	7	9,1	45	-9999	-9999	-9999	-9999	-9999	-9999	-9999	-9999	-9999	-9999	-9999	-9999	-9999	-9999	-9999	
16/03/2021	5,7	15,5	20,7	12,5	65,2	11,6	80	41	344	8,8	45	-9999	-9999	-9999	-9999	-9999	-9999	-9999	-9999	-9999	-9999	-9999	-9999	-9999	-9999	-9999	
17/03/2021	6,7	17	22,1	13,8	55,8	13,7	76	36	17	7,8	0	-9999	-9999	-9999	-9999	-9999	-9999	-9999	-9999	-9999	-9999	-9999	-9999	-9999	-9999	-9999	
18/03/2021	9	14,1	16,6	11,8	53,3	17,4	68	37	353	4,6	0	-9999	-9999	-9999	13,8	41,2	34,4	25,8	14	41,5	34,7	26	13,6	41	34,2	25,6	
19/03/2021	9,5	13	15,3	11,2	61,7	18,2	72	54	346	5,8	45	-9999	-9999	-9999	13,6	41,3	34,8	26,1	13,7	41,6	34,9	26,2	13,4	41	34,6	26	
20/03/2021	8,9	12,8	15,8	10,6	50,6	17,3	60	40	31	2,7	45	-9999	-9999	-9999	-9999	-9999	-9999	-9999	-9999	-9999	-9999	-9999	-9999	-9999	-9999	-9999	
21/03/2021	4,3	11,1	13,2	8,6	60	12,2	76	50	64	3,6	45	-9999	-9999	-9999	-9999	-9999	-9999	-9999	-9999	-9999	-9999	-9999	-9999	-9999	-9999	-9999	
22/03/2021	3,4	12,4	14,2	10,4	72,1	7,6	81	63	52	7,5	45	-9999	-9999	-9999	-9999	-9999	-9999	-9999	-9999	-9999	-9999	-9999	-9999	-9999	-9999	-9999	
23/03/2021	3,1	12,4	13,7	7,1	76,3	6,3	84	67	331	8,3	135	-9999	-9999	-9999	-9999	-9999	-9999	-9999	-9999	-9999	-9999	-9999	-9999	-9999	-9999	-9999	
24/03/2021	3	12,7	14,5	10,9	70,1	5,9	85	51	325	7,3	270	-9999	-9999	-9999	-9999	39,6	-9999	24,9	-9999	42,9	-9999	28,7	-9999	21,4	-9999	14,6	
25/03/2021	4,2	12,2	13	11,1	75,6	10,5	84	65	310	8	315	-9999	-9999	-9999	13,8	42	35,3	26,5	14,2	42,5	35,4	26,6	13,5	41,8	35,2	26,4	
26/03/2021	4,9	12,4	13,7	10,9	75,9	10,2	86	68	329	8,3	135	-9999	-9999	-9999	13,8	42,1	35,3	26,5	14,1	42,4	35,4	26,6	13,4	41,8	35,2	26,4	
27/03/2021	4,1	12,5	15,3	10,2	70,4	7,9	82	55	61	7,2	45	-9999	-9999	-9999	13,6	42	35,4	26,5	14,1	42,4	35,4	26,6	13,4	41,7	35,3	26,4	
28/03/2021	4,2	15,3	18,2	12,6	66,8	8,9	80	47	48	9	45	-9999	-9999	-9999	13,9	42,2	35,3	26,5	14,5	42,8	35,4	26,6	13,5	41,8	35,2	26,2	
29/03/2021	3,7	16	18	14,7	71,1	7,8	86	52	26	10,7	45	-9999	-9999	-9999	14,2	42,4	35,2	26,3	14,6	42,9	35,3	26,5	13,9	42,1	35,2	26,2	
30/03/2021	3,6	16,2	19	14,4	74,8	6,9	87	58	44	11,7	45	-9999	-9999	-9999	14,1	42,3	35,2	26,3	14,6	42,8	35,3	26,4	13,9	42,1	35,2	26,2	
31/03/2021	4,6	19,5	25	15,6	58,7	8,8	85	30	16	10,5	45	-9999	-9999	-9999	14,3	42,5	35,2	26,3	15	43,2	35,3	26,4	13,9	42,1	35,2	26,1	
01/04/2021	5	16,4	16,8	14,2	80,6	16,4	94	33	194	12,7	180	-9999	-9999	-9999	14	42,3	35,3	26,4	14,3	42,5	35,3	26,5	13,8	42,2	35	26,2	
02/04/2021	2,8	14,4	14,6	13,9	91,1	6,6	95	85	351	12,9	315	-9999	-9999	-9999	14,3	41,8	34,6	25,8	14,8	42,8	35,3	26,4	14	40,7	33,3	24,8	
03/04/2021	5,3	16,4	22	13,5	71,8	14,9	92	40	346	10,8	0	-9999	-9999	-9999	14,6	42	34,5	25,7	15,2	42,6	35,2	26,3	14,1	41,1	33,5	24,9	
04/04/2021	4,1	15,1	17,4	13,2	71,9	9,5	83	52	29	10	45	-9999	-9999	-9999	14,9	42,2	34,4	25,5	15,7	43,1	34,7	25,8	14,5	41,6	34	25,3	
05/04/2021	3,8	15,2	16,9	13,5	76,9	7,5	84	58	50	11,1	45	-9999	-9999	-9999	15	42,7	34,8	25,9	16	43,6	35,2	26,3	14,3	42,2	34,6	25,5	
06/04/2021	6,3	15,5	19,8	12,4	64,5	12,1	81	42	344	8,5	0	-9999	-9999	-9999	15	42,9	35	26	15,3	43,3	35,1	26,1	14,6	42,6	34,6	25,6	
07/04/2021	4,6	14,4	16	12,3	69,7	10,2	85	56	52	8,9	90	-9999	-9999	-9999	14,7	42,8	35,2	26,2	15,2	43,2	35,2	26,2	14,4	42,6	35	26	
08/04/2021	5,2	14,7	15,4	13,7	82,2	10,1	88	74	219	11,7	225	-9999	-9999	-9999	14,5	42,7	35,2	26,3	14,9	43	35,4	26,5	14	42,3	35,1	26,1	
09/04/2021	4,5	15	15,9	13,2	86,6	9,9	94	75	199	12,7	180	-9999	-9999	-9999	14,2	42,5	35,3	26,4	14,4	42,7	35,4	26,5	14	42,3	35,3	26,3	
10/04/2021	4,7	14	14,8	13,1	88,4	13,1	93	80	178	12,1	45	-9999	-9999	-9999	14,8	40	32,6	24,1	15,1	42,5	35,4	26,4	14,2	38,6	31	22,9	
11/04/2021	9,8	13,2	15,4	11,8	65,2	16,3	88	51	2	6,6	45	-9999	-9999	-9999	14,5	41,6	34,2	25,5	14,8	42	34,8	26	14,1	40,5	33	24,5	
12/04/2021	4,2	14,3	16,7	11,8	64,1	8,9	82	51	41	7,5	45	-9999	-9999	-9999	14,5	42,1	34,8	25,9	14,8	42,5	34,9	26,1	14,2	41,8	34,5	25,8	
13/04/2021	3,1	14,8	16	12,4	83	8,3	94	51	92	11,8	90	-9999	-9999	-9999	14,4	42,2	34,9	26	14,7	42,6	35,1	26,2	14,1	41,9	34,7	25,9	
14/04/2021	3,7	15,9	18,8	14,3	82	9,3	92	66	328	12,8	45	-9999	-9999	-9999	14,7	42,6	35	26	15,4	43,2	35,2	26,3	14,2	42,1	34,3	25,4	
15/04/2021	5,1	16,8	19,6	14	68,7	10,6	83	51	2	10,9	45	-9999	-9999	-9999	15,1	42,8	34,8	25,8	15,7	43,4	35	26,1	14,6	42	34,3	25,4	
16/04/2021	5,8	15,8	21,1	12,4	59,3	10,8	77	31	3	7,5	0	-9999	-9999	-9999	15,1	43	34,9	25,9	15,6	43,4	35	26	14,8	42,7	34,8	25,7	
17/04/2021	4,5	14,3	16,2	12,6	64	8,6	78	54	43	7,6	45	-9999	-9999	-9999	15,2	43,1	35	25,9	15,6	43,5	35	26	14,8	42,7	34,8	25,8	
18/04/2021	3,5	15	16,6	13,2	74,5	6,9	90	58	41	10,4	270	-9999	-9999	-9999	15,3	43,3	35	25,9	15,8	43,8	35,1	26	15	42,9	35	25,8	
19/04/2021	3,3	14,9	15,2	14,4	74,8	6,3	89	55	235	10,4	270	-9999	-9999	-9999	15,5	43,5	35	25,9	15,8	43,7	35,1	26	15,1	43,1	35	25,8	
20/04/2021	3,3	14,3	14,9	13,2	83,7	8	93	61	299	11,5	315	-9999	-9999	-9999	15,4	43,3	35,1	26	15,8	43,7	35,1	26,1	15,1	43,1	35	25,8	
21/04/2021	4,4	14,1	15,4	13,1	84,5	10,4	91	72	184	11,5	135	-9999	-9999	-9999	15,2	43,2	35,1	26	15,5	43,4	35,2	26,1	15	43	35	25,9	
22/04/2021	4,1	15,5	16,3	13,8	83,1	8	90	77	221	12,6	225	-9999	-9999	-9999	15,6	42,6	34,2	25,2	16,1	43,2	35,1	26	15,1	41,3	32,8	24	
23/04/2021	6,4	16,9	19,6	14,3	77,3	15,7	90	62	193	12,8	135	-9999	-9999	-9999	15,8	41,2	32,8	24,1	15,9	42	33,5	24,6	15,7	39,8	31,6	23,2	
24/04/2021	4,1	16,8	18	15,8	83,8	11,1	92	74	209	14	135	-9999	-9999	-9999	15,9	41,2	32,7	24	16,2	42	33,3	24,5	15,8	40	31,6	23,2	
25/04/2021	4,2	16,3	18,5	15,1	83,3	12,6	92	62	132	13,4	45	-9999	-9999	-9999	16	42,1	33,3	24,5	16,9	42,8	33,6	24,7	15,7	41,5	33	24,2	
26/04/2021	3,3	15,9	16,7	14,8	86,1	6,4	91	79	307	13,6	135	-9999	-9999	-9999	16,6	42,7	33,4	24,3	17,6	43,6	33,6	24,7	16	42,1	33,2	24,1	
27/04/2021	3,9	16,1	18,3	14,3	83,2	7,9	91	73	315	13,2	45	-9999	-9999	-9999	17,1	43	33,3	24,2	17,8	43,5	33,6	24,6	16,5	42,6	33,1	23,9	
28/04/2021	8,7	14,6	16,7	12,9	65,3	20,6	78	49	10	8,1	0	-9999	-9999	-9999	16,7	42,8	33,4	24,4	17,1	43,1	34	24,9	16,2	42,6	33,2	24,1	
29/04/2021	7,2	13,2	15,1	11,6	66,5	13,5	73	56	302	7,1	0	-9999	-9999	-9999	16	42,8	34	25	16,3	43,2	34,5	25,4	15,7	42,4	33,7	24,7	
30/04/2021	7,9	12,8	14,3	11	66,9	15,4	76	50	320	6,7	0	-9999	-9999	-9999	15,4	42,8	34,6	25,6	15,9	43,2	35	26	15	42,5	34,1	25	
01/05/2021	6,4	12,6	14,1	10,9	64,8	11,6	80	52	314	6,1	315	-9999	-9999	-9999	14,8	42,8	35,1	26,1	15,1	43,1	35,2	26,3	14,4	42,5	34,8	25,9	
02/05/2021	5,1	13,3	16,4	10,4	63,5	13,2	77	51	315	6,4	315	-9999	-9999	-9999	15	42,8	35	26	15,3	43,2	35,2	26,1	14,6	42,5	34,8	25,8	
03/05/2021	5,1	13,8	16,3	11,4	69,8	10	84	49	354	8,4	315	-9999	-9999	-9999	15,2	43,1	35	25,9	15,7	43,4	35,1	26,1	14,9	42,7	34,8	25,7	
04/05/2021	4,9	13,6	15,1	11,2	78,4	9,3	86	68	348	9,9	315	-9999	-9999	-9999	15,3	43,2	35	25,9	15,7	43,6	35,1	26,1	14,6	42,7	34,8	25,7	
05/05/2021	2,9	15,3	16,2	14,6	88,4	6,3	91	83	284	13,4	270	-9999	-9999	-9999	15,4	43,4	35	25,9	16	44,1	35,3	26,2	14,8	43	34,8	25,7	
06/05/2021	6,3	15,4	16,4	14,1	88,9	10,7	93	84	185	13,6	180	-9999	-9999	-9999	15,2	43,3	35,2	26,1	15,7	43,7	35,3	26,2	14,7	42,9	35,1	25,9	
07/05/2021	4,4	15,8	16,5	14,5	89,2	7,7	94	83	226	14	180	-9999	-9999	-9999	15,1	43,3	35,3	26,1	15,8	44	35,3	26,3	14,6	42,9	35,2	26	
08/05/2021	8,2	15,8	16,7	14,2	82	16,1	87	77	194	12,8	180	-9999	-9999	-9999	15,1	43,4	35,3	26,2	15,3	43,5	35,5	26,4	14,8	43,2	35,2	26,1	
09/05/2021	8,4	14,8	15,6	13,1	74,7	17,7	91	64	185	10,3	180	-9999	-9999	-9999	15,2	42,8	34,7	25,7	15,6	43,2	35,5	26,4	14,7	42,4	34,1	25,2	
10/05/2021	7,2	13,6	14,6	11,8	69,6	15,6	84	58	225	8,2	225	-9999	-9999	-9999	15,2	43	35	25,9	15,4	43,3	35,2	26,2	14,9	42,8	34,7	25,6	
11/05/2021	9,5	14,1	15,5	12,5	72,2	21,4	96	57	193	9,1	180	-9999	-9999	-9999	15,1	43	35	25,9	15,2	43,2	35,3	26,2	14,9	42,8	34,9	25,8	
12/05/2021	8,1	15	15,8	12,9	75,3	19,8	89	62	218	10,6	225	-9999	-9999	-9999	15,3	42,8	34,6	25,6	15,9	43,3	35,4	26,3	14,8	42,2	33,7	24,8	
13/05/2021	8,8	15,1	16	13,7	85	17,1	97	67	187	12,6	315	-9999	-9999	-9999	15,3	42,9	34,7	25,7	15,5	43,2	34,9	25,9	15,2	42,5	34,2	25,3	
14/05/2021	6,8	14,3	15,9	11,3	77,4	14,5	94	58	181	10,3	180	-9999	-9999	-9999	15,4	42,9	34,6	25,6	15,6	43,2	34,7	25,7	15,1	42,6	34,5	25,5	
15/05/2021	11,1	16,2	17,2	15,6	95,3	18,2	97	90	192	15,5	180	-9999	-9999	-9999	15,4	42,8	34,6	25,5	15,6	43	34,9	25,8	15,2	42,5	34,1	25,2	
16/05/2021	5,4	15,8	16,1	14,6	82,7	11,4	97	69	224	12,7	270	-9999	-9999	-9999	15,9	42,5	33,8	24,9	16,6	42,8	34,3	25,3	15,5	42	33,3	24,3	
17/05/2021	3,5	15,4	16,6	13,8	74,5	14,3	87	66	132	10,9	270	-9999	-9999	-9999	16,3	43	34	24,9	17	43,6	34,2	25,1	15,8	42,4	33,8	24,6	
18/05/2021	10,3	15,7	15,8	14,7	83,1	16,9	97	69	177	12,8	315	-9999	-9999	-9999	16,1	43,3	34,4	25,2	16,8	43,5	34,6	25,5	15,8	43	33,8	24,7	
19/05/2021	5,9	15,3	17,3	13,4	73,2	12,8	88	57	313	10,5	0	-9999	-9999	-9999	16,4	43,2	34	24,9	17,2	43,5	34,4	25,2	16,1	42,8	33,3	24,2	
20/05/2021	3,3	16,2	17,1	14,3	80,9	8,1	91	57	301	12,8	315	-9999	-9999	-9999	17	43,4	33,7	24,5	18,2	44,1	34,3	25,1	16,4	42,6	33	23,7	
21/05/2021	5,2	15,3	15,7	13,8	71,2	12,6	95	52	311	10	315	-9999	-9999	-9999	16,9	43,8	34,2	24,9	17,9	44,2	34,6	25,4	16,3	43,4	33,1	23,8	
22/05/2021	5,4	14,6	15,3	13,5	62,7	12,9	74	54	299	7,5	315	-9999	-9999	-9999	16,4	43,9	34,6	25,4	16,9	44,3	34,9	25,7	15,8	43,5	34,4	25,1	
23/05/2021	5,1	14,6	16,2	12,8	73,8	13,2	93	55	224	9,9	225	-9999	-9999	-9999	16,5	43,9	34,6	25,3	17	44,4	34,9	25,6	16,1	43,5	34,1	24,9	
24/05/2021	7,6	15,3	15,5	14,6	69,7	14,5	94	57	327	9,7	315	-9999	-9999	-9999	16,4	44	34,7	25,4	17	44,5	35	25,8	15,9	43,6	34,3	25	
25/05/2021	8,2	15,7	18,7	13,1	67,6	16,6	78	54	352	9,6	0	-9999	-9999	-9999	16,6	43,5	34,1	24,9	17,3	43,8	34,9	25,8	15,5	43	33,3	24,1	
26/05/2021	4,8	16	17,9	14	74,4	12,3	85	60	348	11,4	0	-9999	-9999	-9999	16,7	43,4	33,9	24,8	18,1	43,9	34,9	25,7	15,5	42,8	33,1	23,8	
27/05/2021	3	16,6	17,5	15,6	80,3	7,9	89	73	320	13,1	315	-9999	-9999	-9999	17	43,8	34,1	24,8	17,7	44,6	34,7	25,5	16,1	43,2	33,3	24,1	
28/05/2021	3,7	16,2	16,8	15,1	85,9	8,9	89	78	336	13,9	315	-9999	-9999	-9999	17	44,2	34,4	25,1	18,2	45	34,9	25,6	16,1	43,7	33,9	24,4	
29/05/2021	6	17,1	20,2	16	79,6	12,9	87	66	320	13,5	0	-9999	-9999	-9999	16,9	44,3	34,5	25,2	17,8	45,1	35,1	26	15,5	43,5	34,1	24,7	
30/05/2021	3,9	16,2	17,2	14,4	89,7	8,6	96	71	13	14,5	225	-9999	-9999	-9999	16,6	44,2	34,8	25,5	17,3	44,9	35,1	26	15,2	43,2	34,3	25	
31/05/2021	5,5	15,2	15,9	14,2	95,8	11,7	98	90	194	14,6	225	-9999	-9999	-9999	16	43,8	35	25,7	17,1	44,6	35,2	26	14,7	42,2	34,6	25,2	
01/06/2021	5,8	16	16,2	15,6	85,8	11,3	93	73	191	13,6	180	-9999	-9999	-9999	15,2	42,2	34,1	25,3	15,7	43,9	35,2	26	14,6	41,2	33,3	24,6	
02/06/2021	6	15,5	16,4	14,2	82,9	13,3	90	69	200	12,6	315	-9999	-9999	-9999	15,4	42,6	34,4	25,5	15,6	43,2	34,9	25,8	15,1	41,5	33,6	24,8	
03/06/2021	8,4	14,5	15,7	13,2	71,6	15,9	80	61	309	9,4	315	-9999	-9999	-9999	15,5	42,9	34,5	25,5	16	43,4	35	25,9	15,1	42,3	34,3	25,3	
04/06/2021	7,4	15,4	19	13,1	70,7	13,3	79	57	315	10	0	-9999	-9999	-9999	15,7	43,4	34,8	25,7	16,4	43,8	35,1	26	14,9	42,9	34,5	25,3	
05/06/2021	4,8	16,6	19,7	14,7	74	12,5	87	61	350	11,9	0	-9999	-9999	-9999	16,5	44	34,6	25,3	17,4	44,9	35,1	25,8	15,7	43,3	34,3	24,9	
06/06/2021	5,5	17,3	19,6	15,3	75,4	11,6	80	65	308	12,9	0	-9999	-9999	-9999	16,4	44,2	34,9	25,6	17,7	45,1	35,2	26,1	15	43,2	34,5	25	
07/06/2021	3,9	16,3	17,4	15,2	84,8	8,9	91	80	356	13,7	270	-9999	-9999	-9999	16,7	44,5	35	25,5	19	46,2	35,2	26,1	15,4	43,6	34,4	24,6	
08/06/2021	4,9	16,9	19,9	15,1	79,9	12,5	90	55	309	13,3	0	-9999	-9999	-9999	16,7	44,5	34,9	25,5	17,4	45,2	35,2	25,9	15,8	43,8	34,5	25,1	
09/06/2021	5,5	17,9	20,8	15,7	77,8	11,9	87	68	12	13,9	0	-9999	-9999	-9999	17	44,9	35	25,5	18,8	46,5	35,3	26,2	15,1	43,3	34,8	25	
10/06/2021	4,8	18,6	21,9	16,5	79,4	12,2	88	69	354	15	0	-9999	-9999	-9999	17,5	45,3	34,9	25,3	19,1	46,7	35,2	25,9	16,1	44,3	34,7	24,7	
11/06/2021	7,1	22,5	27,7	18,1	63,9	15,3	82	46	355	15	0	-9999	-9999	-9999	17,1	45	35	25,5	17,9	45,7	35,4	26,2	15,1	43,5	34,8	25,2	
12/06/2021	4,6	20,8	24,3	18,5	72,5	16,3	87	57	184	15,6	0	-9999	-9999	-9999	17	44,8	35	25,5	18,1	46,1	35,3	26,1	15,2	43,4	34,8	25	
13/06/2021	3,4	20,7	22,8	18,1	72,2	10,5	84	60	168	15,5	315	-9999	-9999	-9999	16,5	44,6	35,1	25,7	18,4	46,2	35,5	26,4	14,6	42,9	34,3	25,1	
14/06/2021	3,5	19,3	21,8	16,9	82,8	8,3	94	66	323	16,3	315	-9999	-9999	-9999	16,9	44,8	35	25,5	18,8	46,7	35,2	26,1	14,9	43	34,6	25,1	
15/06/2021	3,7	21,7	25,6	19,1	76	17	89	49	126	17,1	45	-9999	-9999	-9999	17,1	44,9	34,9	25,4	19	47	35,2	25,7	15,7	43,4	34,6	24,9	
16/06/2021	5,9	18,3	18,5	16,7	87,4	14,4	96	71	213	16,1	225	-9999	-9999	-9999	16,3	44,3	35,1	25,8	16,8	44,7	35,3	26	15,8	43,8	34,8	25,4	
17/06/2021	6,1	16,5	17,3	15,1	89,3	15,2	95	80	4	14,7	0	-9999	-9999	-9999	16,5	44,3	34,8	25,5	17,3	44,6	35,2	25,8	16,1	43,8	33,9	24,6	
18/06/2021	8,1	16,2	17,9	14,8	82,5	16,6	90	74	358	13,3	0	-9999	-9999	-9999	16,6	44,3	34,9	25,5	17	44,8	35,1	25,8	15,9	43,9	34,7	25,4	
19/06/2021	5,9	15,6	16	14,5	85,6	16,2	90	79	171	13,2	180	-9999	-9999	-9999	16,3	44,2	35	25,7	16,8	44,6	35,2	26,1	15	43,2	34,9	25,5	
20/06/2021	9,6	15,3	16,2	14	88,7	19,4	94	80	184	13,4	225	-9999	-9999	-9999	14,6	42,7	35,2	26,2	15	43,1	35,3	26,3	14,1	41,7	34,7	25,9	
21/06/2021	4,5	15,9	16,6	15,3	89	10,4	92	83	243	14,1	225	-9999	-9999	-9999	14,6	42,6	35	26	15,6	43,2	35,3	26,3	14,3	41,9	34,7	25,6	
22/06/2021	7,7	17,2	19,6	15,4	74,4	18,3	93	57	345	12,5	0	-9999	-9999	-9999	15,1	43	35	26	15,7	43,5	35,2	26,2	14,4	42,3	34,8	25,8	
23/06/2021	8,2	17,6	20,6	14,8	65,8	16,8	84	47	335	10,9	0	-9999	-9999	-9999	15,5	43,4	35	25,9	16,1	43,9	35,1	26,1	15	43,1	34,8	25,6	
24/06/2021	5,1	18,8	23,7	15,3	70,8	10,4	83	52	10	13,3	45	-9999	-9999	-9999	16,2	44	35	25,7	16,9	44,8	35,1	26	15,4	43,4	34,9	25,5	
25/06/2021	3,9	18,9	21,2	17,5	79	9,5	92	67	45	15,1	45	-9999	-9999	-9999	16,8	44,6	34,9	25,5	18,2	46	35,2	25,9	15,8	43,9	34,6	25,2	
26/06/2021	5,3	16,1	16,5	14,7	91,5	10,5	97	74	307	14,7	225	-9999	-9999	-9999	16,4	44,4	35,1	25,7	17,1	44,9	35,2	26	15,7	43,8	34,9	25,4	
27/06/2021	5,2	15,7	16,6	14,4	80,1	9,2	95	71	310	12,3	315	-9999	-9999	-9999	16,2	44,3	35,2	25,8	17	44,9	35,2	26,1	15,3	43,5	35	25,5	
28/06/2021	6,1	16,2	16,9	15,7	81,6	10,5	87	72	327	13	315	-9999	-9999	-9999	16,1	44,3	35,2	25,9	16,7	44,8	35,3	26,1	15,4	43,6	35,1	25,7	
29/06/2021	7,2	16,3	18,1	15,1	75,2	14,3	83	62	343	11,9	0	-9999	-9999	-9999	15,7	43,9	35,3	26	16,3	44,4	35,3	26,2	14,9	43,1	35,2	25,8	
30/06/2021	4,8	16,1	17,1	15	85,8	9,6	93	76	355	13,7	315	-9999	-9999	-9999	15,9	44,1	35,3	26	17,3	45,3	35,4	26,3	14,9	43,1	35,1	25,5	
01/07/2021	2,8	16	17,2	14,8	92,9	5,4	97	85	303	14,9	315	-9999	-9999	-9999	16,6	44,8	35,2	25,8	17,1	45,3	35,3	26	15,6	43,8	35,1	25,6	
02/07/2021	5,7	16,8	17,9	15,4	91,4	10,7	97	77	186	15,4	180	-9999	-9999	-9999	16,1	44,3	35,2	25,9	17	45,2	35,3	26,2	14,9	43,2	35,2	25,6	
03/07/2021	4,4	17,2	18,2	16,3	91	7,7	98	85	175	15,7	180	-9999	-9999	-9999	15,9	44,1	35,2	26	16,7	44,8	35,3	26,2	14,9	43,2	35,2	25,8	
04/07/2021	9,5	17,4	17,9	17,1	94,5	14,7	98	91	180	16,5	180	-9999	-9999	-9999	16	44	35,1	25,9	16,2	44,3	35,3	26	15,7	43,6	34,8	25,6	
05/07/2021	9,4	17,1	18,1	16,1	94,6	17,8	99	86	187	16,2	180	-9999	-9999	-9999	15,8	43	34,4	25,3	15,9	43,4	34,7	25,6	15,4	42,3	34,1	25,1	
06/07/2021	4,4	16,4	17,1	15,7	89	9,6	94	80	212	14,6	180	-9999	-9999	-9999	15,9	42,9	34,2	25,2	16,2	43,3	34,5	25,3	15,4	42,3	33,9	25	
07/07/2021	4,3	16,8	17,8	16	85,1	11,1	94	73	332	14,2	315	-9999	-9999	-9999	16,3	43,3	34,3	25,1	17,5	44,4	34,5	25,4	15,8	42,8	34	24,6	
08/07/2021	7,8	17,3	19,5	15,6	75	14,9	84	65	320	12,8	0	-9999	-9999	-9999	16,7	44,1	34,5	25,2	17,3	44,7	34,8	25,6	15,9	43,2	34,4	25,1	
09/07/2021	6,4	18,3	22,2	15,8	74,7	12,4	84	62	357	13,7	0	-9999	-9999	-9999	17	44,7	34,8	25,4	18,4	45,9	35	25,8	16	43,8	34,7	25	
10/07/2021	4	18,5	20,1	17,4	80,4	9,9	90	69	15	15,1	0	-9999	-9999	-9999	17,8	45,5	34,8	25,2	19,3	46,8	35,2	25,8	16,3	44,3	34,7	24,7	
11/07/2021	6,3	17,8	17,9	16,9	84,8	12,1	93	72	317	15,2	315	-9999	-9999	-9999	17,5	45,4	35	25,4	18,3	46,1	35,2	26	16,3	44,3	34,8	25,1	
12/07/2021	6	16,9	17,5	15,6	80,7	12,9	88	68	335	13,6	315	-9999	-9999	-9999	16,8	44,8	35,1	25,6	17,3	45,3	35,2	25,9	16,1	44,2	34,8	25,3	
13/07/2021	5,6	17,1	18,9	15,9	80,1	13,1	87	73	327	13,6	0	-9999	-9999	-9999	17	45	35,1	25,6	17,7	45,5	35,2	26	15,9	44,1	34,9	25,3	
14/07/2021	8,7	20,2	23,7	17,2	68,2	15,7	80	56	348	14	0	-9999	-9999	-9999	16,6	44,6	35,1	25,7	18,3	46	35,3	26,1	15,4	43,6	34,9	25,1	
15/07/2021	6,5	22,5	28,7	17,7	61	12,5	74	47	335	14,4	0	-9999	-9999	-9999	16,9	44,9	35,1	25,6	17,7	45,6	35,2	25,8	16,3	44,5	35	25,4	
16/07/2021	4,4	22,5	27,4	19,3	64,9	8,9	80	45	29	15,4	45	-9999	-9999	-9999	17,3	45,3	35,1	25,5	18,8	46,7	35,2	26	15,6	43,7	35	25,1	
17/07/2021	4	21,3	23,6	18,7	75,3	7,7	96	60	31	16,7	45	-9999	-9999	-9999	17,8	45,8	35,1	25,4	19,8	47,7	35,3	26	15,6	43,6	34,7	24,8	
18/07/2021	3,9	17,5	17,9	16,8	95,1	7,5	99	89	207	16,7	270	-9999	-9999	-9999	17,6	45,7	35,1	25,5	18,6	46,6	35,3	25,9	16,1	44,3	35	25,2	
19/07/2021	2,5	17,1	17,9	16,6	93,2	6,2	98	86	283	16	315	-9999	-9999	-9999	17,3	45,3	35,2	25,6	17,9	45,9	35,3	26	15,7	44	34,9	25,3	
20/07/2021	3	17,2	17,9	16,6	96,6	6,9	99	89	350	16,6	270	-9999	-9999	-9999	16,3	44,5	35,2	25,9	17,2	45,3	35,3	26,2	15,1	43,4	35,1	25,6	
21/07/2021	5,7	17,4	18,1	16,6	90,4	11,2	96	85	308	15,8	315	-9999	-9999	-9999	16,3	43	35	25,1	17,7	45,8	35,5	26,4	14,6	1	16,3	3,4	
22/07/2021	3,4	17	18	16,2	91,5	8,1	95	84	349	15,6	315	-9999	-9999	-9999	16,3	44,7	35,4	26	17,6	45,8	35,6	26,4	14,8	43,3	35,3	25,6	
23/07/2021	6,9	16,7	18,3	15,2	93,7	12,4	98	85	189	15,7	180	-9999	-9999	-9999	15	43,5	35,5	26,3	15,9	44,2	35,5	26,5	14,4	42,8	35,4	26,1	
24/07/2021	4,7	17,4	18,4	16,7	94,4	9,3	96	90	186	16,4	180	-9999	-9999	-9999	15,6	44	35,4	26,2	16,8	45,1	35,5	26,4	14,6	43	35,3	25,9	
25/07/2021	3	17,3	19,3	15,8	93	7	97	81	190	16,1	45	-9999	-9999	-9999	16,5	44,9	35,4	25,9	17,5	45,8	35,5	26,1	15,8	44,2	35,3	25,6	
26/07/2021	5,7	18,3	19,8	16,9	83	13	94	70	315	15,3	0	-9999	-9999	-9999	16,7	45	35,4	25,9	17,5	45,8	35,5	26,2	15,6	44	35,3	25,6	
27/07/2021	-9999	-9999	-9999	-9999	-9999	-9999	-9999	-9999	-9999	-9999	0	-9999	-9999	-9999	-9999	-9999	-9999	-9999	-9999	-9999	-9999	-9999	-9999	-9999	-9999	-9999	
28/07/2021	-9999	-9999	-9999	-9999	-9999	-9999	-9999	-9999	-9999	-9999	-9999	-9999	-9999	-9999	-9999	-9999	-9999	-9999	-9999	-9999	-9999	-9999	-9999	-9999	-9999	-9999	
29/07/2021	-9999	-9999	-9999	-9999	-9999	-9999	-9999	-9999	-9999	-9999	-9999	-9999	-9999	-9999	-9999	-9999	-9999	-9999	-9999	-9999	-9999	-9999	-9999	-9999	-9999	-9999	
30/07/2021	-9999	-9999	20,3	-9999	-9999	-9999	-9999	-9999	-9999	-9999	315	-9999	-9999	-9999	-9999	-9999	-9999	-9999	-9999	-9999	-9999	-9999	-9999	-9999	-9999	-9999	
31/07/2021	5,1	17,1	18,1	16	78,7	12,9	88	70	343	13,3	315	-9999	-9999	-9999	15,4	43,8	35,5	26,2	16,4	44,8	35,6	26,5	14,4	42,8	35,4	26	
01/08/2021	4,6	16,7	18	15,5	87,5	11,2	98	76	190	14,6	180	-9999	-9999	-9999	15,5	43,9	35,5	26,2	16,1	44,5	35,5	26,4	14,6	43	35,4	26,1	
02/08/2021	7,2	18,9	21,2	16,9	75,1	14,4	97	63	348	14,3	0	-9999	-9999	-9999	15,5	43,8	35,3	26,1	16,1	44,3	35,5	26,4	14,7	43	35,2	25,9	
03/08/2021	4,1	17,3	19	15,6	86,2	9,9	99	74	351	14,9	225	-9999	-9999	-9999	15,6	43,9	35,4	26,1	16,9	45,2	35,5	26,4	14,7	43,1	35,2	25,7	
04/08/2021	2,7	17,5	18,4	16,9	99,4	5,9	100	95	210	17,4	225	-9999	-9999	-9999	16,1	44,4	35,4	26	17	45,4	35,5	26,3	14,9	43,3	35,3	25,8	
05/08/2021	4,8	17,3	18	16,5	95,5	12,6	100	86	195	16,5	180	-9999	-9999	-9999	15,5	43,8	35,4	26,2	16,1	44,5	35,5	26,3	14,8	43,2	35,3	26	
06/08/2021	4,7	17,1	17,9	16,2	90	12,6	100	79	183	15,4	180	-9999	-9999	-9999	15,3	43,6	35,4	26,2	15,8	44,1	35,5	26,4	14,7	43	35,3	26,1	
07/08/2021	2,9	17,3	18,3	16,2	90	7,4	100	78	19	15,6	225	-9999	-9999	-9999	15,6	43,9	35,4	26,1	16,7	45	35,5	26,3	14,8	43,2	35,3	25,8	
08/08/2021	5,1	17,4	19	16	82,5	10,9	92	62	323	14,3	315	-9999	-9999	-9999	17,2	45,5	35,4	25,8	18,2	46,5	35,5	26,2	15,5	43,8	35,3	25,5	
09/08/2021	3,4	17,8	19,4	16,1	87,2	8,2	93	80	316	15,6	315	-9999	-9999	-9999	17,8	46,1	35,3	25,6	18,9	47,2	35,5	26,2	15,4	43,8	35,2	25,3	
10/08/2021	3,6	18,5	20,3	16,5	88,9	9,8	96	70	321	16,6	315	-9999	-9999	-9999	17,8	46,1	35,4	25,6	18,9	47,2	35,5	26,1	15,9	44,2	35,2	25,3	
11/08/2021	3,3	18,8	19,9	17,8	91,1	7,8	95	77	303	17,3	270	-9999	-9999	-9999	18,1	46,4	35,3	25,5	19,5	47,8	35,4	25,8	17,1	45,5	35,2	25,1	
12/08/2021	3,5	18,6	20	17,2	93,3	10,2	100	86	332	17,5	315	-9999	-9999	-9999	18	46,3	35,3	25,5	19	47,3	35,6	25,9	16,9	45,3	35	25,1	
13/08/2021	2,9	18,8	20,4	17	92,9	6,7	98	82	288	17,6	270	-9999	-9999	-9999	17,9	46,2	35,3	25,5	18,9	47,2	35,5	26	16,3	44,6	35,1	25,2	
14/08/2021	4,4	18,4	22,1	15,2	91,8	15,7	100	76	342	17	0	-9999	-9999	-9999	17,5	45,8	35,4	25,7	18,9	47,2	35,5	26	16,3	44,6	35,2	25,3	
15/08/2021	8,4	20,2	24,1	18	76,4	16,1	89	59	4	15,8	0	-9999	-9999	-9999	17	45,3	35,4	25,8	18,8	47,1	35,5	26,3	15,1	43,5	35,3	25,3	
16/08/2021	10	20,1	23,8	17,2	69,5	19	81	56	326	14,2	0	-9999	-9999	-9999	16,7	45	35,3	25,9	18,7	46,9	35,5	26,5	14,2	42,7	35,3	25,3	
17/08/2021	8,6	20,5	25,1	17,5	65,2	16	80	49	350	13,5	0	-9999	-9999	-9999	15,6	43,9	35,4	26,1	16,5	44,8	35,5	26,6	13,8	42,3	35,3	25,9	
18/08/2021	8,2	19,3	24,5	16,1	67,8	17,3	80	52	353	13,1	0	-9999	-9999	-9999	14,6	43	35,4	26,4	15,6	44	35,5	26,6	13,7	42,2	35,3	26,1	
19/08/2021	4,9	17,2	19,3	15,3	80,5	14,1	96	70	4	13,8	0	-9999	-9999	-9999	14,4	42,9	35,5	26,5	15,5	43,9	35,5	26,7	13,5	42	35,4	26,2	
20/08/2021	2,9	15,7	17,6	14,1	96,2	6,4	100	89	185	15,1	180	-9999	-9999	-9999	14,3	42,8	35,5	26,5	14,9	43,4	35,6	26,6	13,8	42,2	35,4	26,4	
21/08/2021	2,6	17,1	18,6	16,2	95,9	6,9	100	89	209	16,5	90	-9999	-9999	-9999	14,8	43,2	35,5	26,4	15,8	44,2	35,5	26,6	13,7	42,2	35,2	26	
22/08/2021	3,2	18,5	23,3	15,6	89,8	8,2	100	72	301	16,7	0	-9999	-9999	-9999	16,1	44,5	35,4	26	17,5	45,9	35,6	26,4	14,6	43	35,3	25,7	
23/08/2021	4,8	23,2	31,4	17,1	71,8	10,5	92	49	344	17,4	0	-9999	-9999	-9999	16,9	45,2	35,4	25,9	18,2	46,6	35,6	26,4	14,9	43,3	35,2	25,5	
24/08/2021	4,5	20,5	24,4	17,5	75,9	9,9	95	59	44	16	45	-9999	-9999	-9999	16,8	45,2	35,4	25,9	17,8	46,2	35,6	26,4	14,9	43,3	35,1	25,6	
25/08/2021	5,9	17,1	18,5	14,3	96,9	15	100	84	202	16,6	180	-9999	-9999	-9999	15,2	43,5	35,4	26,2	16,5	44,8	35,5	26,5	14	42,4	35,2	26	
26/08/2021	2,2	17,7	19,5	16,5	95,5	5,7	100	86	241	17	45	-9999	-9999	-9999	15,6	43,6	35,1	25,9	16,2	44,4	35,4	26,2	15,2	43	34,7	25,6	
27/08/2021	2	17,3	19,6	15,7	95	4,6	100	84	295	16,5	270	-9999	-9999	-9999	15,7	42,1	33,8	24,9	18,4	44,9	35,3	26,2	15,1	0,3	0,2	-1,2	
28/08/2021	2,4	17,8	18,9	16,8	93,1	4,7	98	84	40	16,6	270	-9999	-9999	-9999	16,3	44,2	35	25,7	17,6	45,5	35,2	26	15,6	43,6	34,8	25,4	
29/08/2021	2	18,1	18,9	17,4	96,1	4,5	99	93	275	17,4	225	-9999	-9999	-9999	16,6	44,7	35,1	25,7	17,9	45,8	35,4	26,1	15,3	43,5	34,8	25,3	
30/08/2021	2,3	16,6	18	15,8	98,7	5,3	100	90	240	16,4	225	-9999	-9999	-9999	16,9	45	35,1	25,6	17,8	45,8	35,2	25,9	16,2	44,3	35	25,4	
31/08/2021	2,5	18	20	16,6	91,9	6,8	96	83	308	16,7	225	-9999	-9999	-9999	17,3	45,4	35,2	25,6	18,6	46,7	35,2	25,9	16,2	44,4	35	25,2	
01/09/2021	2,9	18,8	20,7	17,7	90,8	7,7	98	79	196	17,2	135	-9999	-9999	-9999	17,6	45,7	35,2	25,5	18,5	46,5	35,3	25,8	16,6	44,8	35,1	25,3	
02/09/2021	2,7	18,7	19,7	17,7	92,8	6,5	97	84	199	17,5	225	-9999	-9999	-9999	17,5	45,6	35,2	25,5	18,5	46,6	35,5	26,2	15,6	44	35,1	25,3	
03/09/2021	2,5	19	20,5	18	89,4	5,4	95	80	195	17,2	315	-9999	-9999	-9999	18,2	46,3	35,2	25,4	19,4	47,5	35,5	25,9	16,9	45,2	35	25,1	
04/09/2021	2,3	18,5	20,9	16,9	88,9	5,8	99	78	241	16,6	270	-9999	-9999	-9999	18,4	46,5	35,2	25,4	19,5	47,6	35,5	25,9	16,8	45	34,9	25	
05/09/2021	3,5	20,3	24,2	17,5	78,6	8	95	51	68	16,2	45	-9999	-9999	-9999	18,2	46,1	35,1	25,3	18,8	46,8	35,4	25,7	17,2	45,4	34,5	24,7	
06/09/2021	4,9	21,4	24,4	18,8	75,6	13,9	97	55	207	16,7	225	-9999	-9999	-9999	18,5	45,8	34,5	24,8	19,2	47,4	35,2	25,4	17,8	45,3	33,9	24,2	
07/09/2021	8,8	20,4	21	19,4	92,8	13,3	97	82	175	19,2	180	-9999	-9999	-9999	18,5	45,8	34,5	24,8	18,8	46,3	34,8	25,1	18,2	45,3	34,1	24,4	
08/09/2021	7,8	20,4	21	19,3	93,4	15,4	97	88	181	19,3	180	-9999	-9999	-9999	19,2	46,5	34,5	24,6	19,9	47	34,8	25	18,5	46,2	34,3	24,2	
09/09/2021	5,6	20,2	20,9	19,7	92,9	14,9	98	87	197	19	225	-9999	-9999	-9999	20	46,8	34	24	20,3	46,9	34,3	24,4	19,4	46,5	33,8	23,8	
10/09/2021	4,5	19,6	20,7	18,1	86,9	8,5	94	76	209	17,4	135	-9999	-9999	-9999	20,3	46,9	33,9	23,9	20,7	47,3	34,2	24,2	19,8	46,6	33,8	23,7	
11/09/2021	3,4	20,1	21,5	18,3	81,3	6,7	90	64	231	16,7	45	-9999	-9999	-9999	20,4	47,2	34,1	24	21,4	48,2	34,2	24,2	19,9	46,6	34	23,6	
12/09/2021	3,8	20,9	21,6	20,2	86,5	11,4	91	75	199	18,5	45	-9999	-9999	-9999	20,5	47,3	34,2	24	21	48,2	34,6	24,3	20,1	47	34	23,7	
13/09/2021	3,3	21,4	23,2	19,9	83,4	8,3	92	68	108	18,4	45	-9999	-9999	-9999	20,9	47,8	34,2	24	21,9	49,4	34,7	24,2	20,3	47,2	34	23,7	
14/09/2021	3,7	21,2	22,5	20,3	82,7	7,4	88	73	200	18,1	135	-9999	-9999	-9999	21,1	48,4	34,5	24,1	21,6	49,2	34,8	24,3	20	47,2	34,2	23,8	
15/09/2021	4,9	21,5	24,4	19,6	80,2	13,2	96	62	346	17,8	0	-9999	-9999	-9999	21,1	48,1	34,2	23,9	21,4	48,3	34,3	24	20,8	47,9	34,2	23,8	
16/09/2021	6,8	20,4	22,4	18,8	76,9	12,4	86	67	6	16,2	0	-9999	-9999	-9999	20,5	47,7	34,4	24,1	21	48,1	34,9	24,8	19,4	47,1	34,2	23,9	
17/09/2021	5,5	19	20	17,4	80,2	14,3	95	68	328	15,4	0	-9999	-9999	-9999	19,8	47,2	34,6	24,5	20,3	47,5	34,9	25	18,7	46,5	34,4	24,3	
18/09/2021	4,6	18,1	19,5	16,2	75,3	10,8	86	64	316	13,6	315	-9999	-9999	-9999	19,1	46,6	34,7	24,8	19,7	47,2	35	25,4	17,7	45,6	34,5	24,5	
19/09/2021	5,8	18,2	19,9	16,4	74,6	13,2	84	64	37	13,6	45	-9999	-9999	-9999	18,6	46,3	34,8	25	19,2	46,8	35	25,3	18	45,9	34,7	24,8	
20/09/2021	8,9	18,7	21,4	16,8	69,3	15	82	55	35	12,9	0	-9999	-9999	-9999	17,6	45,5	35,1	25,4	18,4	46,2	35,3	25,8	16,6	44,8	34,8	25	
21/09/2021	7,1	19,1	23,3	16	64,4	14,9	79	45	347	12,1	0	-9999	-9999	-9999	16,4	44,5	35,2	25,8	17	45,1	35,4	26,1	15,8	44,1	35,1	25,6	
22/09/2021	5	18,8	22,7	16,9	67,3	16	88	49	109	12,5	45	-9999	-9999	-9999	16	44,2	35,3	26	16,7	44,8	35,4	26,1	15,6	43,9	35,1	25,7	
23/09/2021	6	20,3	25,4	17	65,2	15,8	85	49	359	13,3	0	-9999	-9999	-9999	15,6	43,9	35,3	26,1	16	44,3	35,4	26,3	14,9	43,3	35,3	26	
24/09/2021	3	18,2	19,8	16,8	83,2	8,3	93	71	124	15,2	45	-9999	-9999	-9999	15,8	44	35,3	26	16,8	44,9	35,4	26,3	14,9	43,3	35,1	25,7	
25/09/2021	5,6	17	18	16	89,7	10,6	96	78	179	15,3	180	-9999	-9999	-9999	15,6	43,8	35,3	26,1	16,8	44,9	35,4	26,4	14,5	42,9	35,2	25,7	
26/09/2021	8,6	17,3	18,6	16,1	93,8	14,5	99	88	176	16,3	180	-9999	-9999	-9999	15,2	43,5	35,4	26,2	16,1	44,4	35,4	26,5	14,3	42,7	35,2	26	
27/09/2021	6,8	17,8	18,8	16,5	80	17,6	96	66	14	14,2	0	-9999	-9999	-9999	16,2	44,5	35,3	26	16,6	44,9	35,3	26,1	15,6	43,9	35,3	25,8	
28/09/2021	3,8	16,6	18,2	15,3	77,5	10	88	66	354	12,6	0	-9999	-9999	-9999	16,2	44,5	35,3	25,9	17,2	45,5	35,4	26	15,7	43,9	35,1	25,6	
29/09/2021	4,5	17,1	18,9	15,6	83,5	10,8	91	69	323	14,2	45	-9999	-9999	-9999	16,4	44,6	35,3	25,9	17	45,2	35,3	26,1	15,5	43,8	35,3	25,8	
30/09/2021	3,6	16,6	18,3	15,2	84,4	8,3	93	76	305	13,9	0	-9999	-9999	-9999	16,4	44,7	35,3	25,9	17	45,3	35,3	26	16	44,3	35,3	25,8	
01/10/2021	3,3	17	18,8	15,5	91,6	7,7	99	79	192	15,6	180	-9999	-9999	-9999	16,4	44,6	35,3	25,9	16,9	45,2	35,4	26,1	15,7	44	35,3	25,8	
02/10/2021	11,6	17,3	17,9	15,8	98,4	21,1	100	96	173	17	180	-9999	-9999	-9999	15,2	43,6	35,4	26,2	16	44,3	35,4	26,4	14,6	42,9	35,2	26	
03/10/2021	3,8	15,6	16,9	14,1	81,7	17	99	66	329	12,5	135	-9999	-9999	-9999	15,3	43,5	35,3	26,1	16	44,2	35,4	26,2	15	43,2	35,2	26	
04/10/2021	8,1	16,2	17,3	15,1	87	16,3	98	75	181	14	180	-9999	-9999	-9999	15,1	43,3	35,2	26,1	15,6	43,8	35,3	26,2	14,9	43	35,1	26	
05/10/2021	3,2	17,5	18,6	15,9	95,1	16,9	100	87	142	16,7	225	-9999	-9999	-9999	15,8	43,6	35	25,8	16,8	44,4	35,3	26,1	15,3	43	34,2	24,9	
06/10/2021	3,8	17	19,2	15,1	85,3	8,6	97	65	325	14,5	45	-9999	-9999	-9999	15,9	41,6	34,6	25,3	18	44,2	35,2	25,9	15,3	1,1	1	4	
07/10/2021	3,7	17,6	19,2	16,4	88,1	6,8	94	78	36	15,6	45	-9999	-9999	-9999	16	44	35	25,8	16,9	44,8	35,2	26	15,6	43,6	34,8	25,5	
08/10/2021	3,1	16,4	17,1	15,1	93,6	8,3	99	84	311	15,3	45	-9999	-9999	-9999	16,2	44,2	35	25,7	17	44,9	35,1	25,9	15,7	43,7	34,9	25,5	
09/10/2021	2,5	15,9	19,8	14,1	94,7	8,9	100	76	28	14,9	45	-9999	-9999	-9999	16,6	44,5	35,1	25,7	17,2	45,1	35,2	25,9	15,8	43,9	34,9	25,5	
10/10/2021	5,3	19,2	24,2	16,6	74,2	9,3	90	50	35	14,3	45	-9999	-9999	-9999	16,5	44,5	35,1	25,7	17	45,4	35,3	26	15,7	43,8	35	25,5	
11/10/2021	4,2	18,9	22,3	16,9	68,5	7,9	84	49	45	12,9	45	-9999	-9999	-9999	16,1	44,2	35,2	25,9	17	45	35,3	26,1	15,6	43,7	35,1	25,6	
12/10/2021	4	17,8	20,3	15,9	71,5	7,5	88	51	33	12,4	45	-9999	-9999	-9999	16	44,2	35,2	25,9	16,4	44,6	35,3	26	15,7	43,8	35,1	25,8	
13/10/2021	3,9	17,3	19,4	15,8	77,2	8,2	89	62	54	13,2	45	-9999	-9999	-9999	15,8	44	35,3	26	16,7	44,9	35,4	26,1	15,3	43,5	35,2	25,7	
14/10/2021	3,1	16,7	19	15,7	80	6,7	89	65	14	13,2	45	-9999	-9999	-9999	15,8	44	35,3	26	16,2	44,5	35,4	26,1	15,6	43,8	35,2	25,9	
15/10/2021	3,2	15,8	17,6	14,3	85,5	7,2	95	78	294	13,4	45	-9999	-9999	-9999	15,8	44	35,3	26	16,3	44,5	35,4	26,1	15,4	43,7	35,3	25,9	
16/10/2021	5,3	16,8	18,8	15,6	91	14,8	96	72	28	15,3	180	-9999	-9999	-9999	15,7	44	35,4	26,1	16	44,4	35,5	26,2	15,2	43,5	35,3	26	
17/10/2021	6,3	18,1	19,2	17,3	97,7	13,7	100	92	198	17,8	180	-9999	-9999	-9999	16,2	44,7	35,5	26	16,7	45,2	35,5	26,2	15,7	44,1	35,3	25,9	
18/10/2021	6,5	18,2	19,6	17,3	96,2	11,8	100	85	187	17,6	180	-9999	-9999	-9999	16,2	44,3	35,2	25,9	17,1	45,5	35,5	26	15,7	43,7	34,9	25,7	
19/10/2021	6,5	19,4	21,4	17,3	83,5	13,1	95	71	186	16,5	180	-9999	-9999	-9999	16	44	35,1	25,8	16,2	44,2	35,2	25,9	15,8	43,7	35	25,8	
20/10/2021	6,8	18,1	19,3	16,5	94,9	15,3	99	80	194	17,2	180	-9999	-9999	-9999	16,4	44,3	35	25,7	16,7	44,6	35,2	25,8	16	44,1	34,8	25,5	
21/10/2021	4,4	16,5	17	15,2	74,9	9,7	88	61	323	11,9	0	-9999	-9999	-9999	16,5	44,5	35,1	25,7	16,9	44,8	35,2	25,9	16,2	44,2	34,9	25,5	
22/10/2021	5,3	16	18,8	13,9	75,9	13,6	89	60	349	11,7	0	-9999	-9999	-9999	16,3	44,4	35,1	25,8	16,6	44,5	35,2	25,9	16,1	44,2	35	25,6	
23/10/2021	2,8	14,9	16,7	13,5	83,4	6,5	94	74	38	12	45	-9999	-9999	-9999	16,3	44,4	35,2	25,9	16,5	44,6	35,3	26	16,1	44,2	35,1	25,8	
24/10/2021	3,6	14,9	16,6	13,2	89,3	10,4	98	79	125	13,1	135	-9999	-9999	-9999	16,2	44,4	35,2	25,9	16,3	44,6	35,4	26	16,1	44,3	35,2	25,8	
25/10/2021	3,5	15,6	17,4	14,1	89,8	7,1	97	76	3	13,9	45	-9999	-9999	-9999	16,3	44,5	35,3	25,9	16,7	44,9	35,4	26	16	44,3	35,2	25,8	
26/10/2021	3,6	15,5	17,4	13,5	83,3	8,1	93	67	28	12,6	45	-9999	-9999	-9999	16,3	44,5	35,3	25,9	16,6	44,9	35,3	26	16	44,2	35,2	25,8	
27/10/2021	2,9	16	18,3	14,6	85,5	6,8	95	72	59	13,5	90	-9999	-9999	-9999	16,3	44,5	35,3	25,9	16,8	45	35,3	25,9	16,1	44,3	35,2	25,7	
28/10/2021	8,1	16,5	18,5	14,1	85,2	24,3	100	63	183	13,9	180	-9999	-9999	-9999	15,8	44	35,3	26	16,1	44,4	35,4	26,2	15,2	43,4	35,2	25,9	
29/10/2021	8,1	16,5	19,3	15,2	90	27,3	99	75	158	14,8	180	-9999	-9999	-9999	15,9	44,1	35,3	26	16,1	44,4	35,4	26,1	15,6	43,8	35,1	25,9	
30/10/2021	7	17,1	18,5	16,3	91,9	15,2	96	86	179	15,8	180	-9999	-9999	-9999	15,6	43,8	35,2	26	16	44,2	35,3	26	15,4	43,5	35,1	25,9	
31/10/2021	6,9	17,1	17,7	15,2	94,9	17,2	100	73	188	16,2	180	-9999	-9999	-9999	15,9	44	35,1	25,9	16,4	44,7	35,3	26	15,5	43,6	34,9	25,7	
01/11/2021	6,1	16,3	17,3	14,4	70,9	15,5	92	56	273	10,9	270	-9999	-9999	-9999	16	44	35,1	25,8	16,1	44,2	35,2	25,9	15,9	43,9	35,1	25,8	
02/11/2021	7,1	15,1	16,8	12,1	80,5	18,1	95	63	268	11,7	270	-9999	-9999	-9999	16	44	35,2	25,9	16	44,2	35,2	25,9	15,9	43,9	35,1	25,8	
03/11/2021	-9999	-9999	-9999	-9999	-9999	-9999	-9999	-9999	-9999	-9999	315	-9999	-9999	-9999	-9999	-9999	-9999	-9999	-9999	-9999	-9999	-9999	-9999	-9999	-9999	-9999	
04/11/2021	-9999	-9999	-9999	-9999	-9999	-9999	-9999	-9999	-9999	-9999	45	-9999	-9999	-9999	-9999	-9999	-9999	-9999	-9999	-9999	-9999	-9999	-9999	-9999	-9999	-9999	
05/11/2021	6,2	13,2	15,4	11,4	70,3	14,2	83	60	17	7,8	0	-9999	-9999	-9999	15,4	43	34,7	25,7	15,6	43,5	35	25,9	15,2	42,7	34,5	25,5	
06/11/2021	4,5	13	15,4	11,3	68,8	10,2	80	48	25	7,3	45	-9999	-9999	-9999	15,4	43	34,8	25,7	15,6	43,4	35	25,9	15,1	42,6	34,6	25,6	
07/11/2021	4,3	13,3	16,5	10,3	73,4	11	87	56	345	8,6	45	-9999	-9999	-9999	15,3	43	34,8	25,8	15,4	43,2	35	26	15,1	42,8	34,7	25,7	
08/11/2021	3,2	15	17,3	13,4	81,6	8,8	95	69	2	11,8	45	-9999	-9999	-9999	15,3	43,2	35	25,9	15,6	43,5	35,1	26	15,1	42,9	34,8	25,8	
09/11/2021	4,2	15,7	19,2	13,7	85,8	8,1	95	65	8	13,2	45	-9999	-9999	-9999	15,2	43,1	35	25,9	15,4	43,3	35,1	26	15,1	42,9	34,9	25,8	
10/11/2021	3,4	15	16,7	13,6	85,8	8,2	94	75	47	12,6	45	-9999	-9999	-9999	15,1	43	35	25,9	15,5	43,3	35,1	26	14,9	42,7	34,9	25,8	
11/11/2021	3,4	13,8	15,1	12,7	88,7	6,2	94	78	309	12	45	-9999	-9999	-9999	14,9	42,7	35	26	15,1	43	35,1	26,1	14,7	42,6	34,9	25,9	
12/11/2021	5,2	13,5	17,5	10,7	85,3	11,8	94	72	340	11,1	0	-9999	-9999	-9999	14,7	42,6	35	26	14,9	42,7	35,2	26,2	14,6	42,5	34,9	25,9	
13/11/2021	3,7	13,6	16,1	11,7	85,2	8,6	94	72	48	11,1	45	-9999	-9999	-9999	14,6	42,6	35	26,1	15,2	43,1	35,3	26,4	14,2	42,4	34,9	25,9	
14/11/2021	4,1	13,6	15,7	11,5	77,9	8,8	91	56	44	9,8	45	-9999	-9999	-9999	14,2	42,4	35,3	26,4	14,4	42,6	35,4	26,5	14	42,3	35,1	26,2	
15/11/2021	6,3	14,2	17,5	11,8	75,9	14,3	88	61	352	9,9	45	-9999	-9999	-9999	14,1	42,4	35,3	26,4	14,3	42,6	35,4	26,5	14	42,3	35,2	26,3	
16/11/2021	6,2	14,3	17,1	11,5	69,9	14,6	84	55	336	8,9	0	-9999	-9999	-9999	14	42,4	35,4	26,5	14,2	42,6	35,4	26,6	13,9	42,3	35,3	26,4	
17/11/2021	5,5	14,4	17,6	11,9	67,1	14,1	77	55	23	8,3	0	-9999	-9999	-9999	14	42,3	35,4	26,5	14,3	42,7	35,4	26,6	13,9	42,3	35,4	26,4	
18/11/2021	3,4	13,1	15,1	11	70,3	6,4	82	55	69	7,8	45	-9999	-9999	-9999	13,9	42,3	35,5	26,6	14,1	42,6	35,5	26,6	13,7	42,1	35,4	26,5	
19/11/2021	3,7	14,8	18,4	13	69	6,7	91	50	61	9	45	-9999	-9999	-9999	14,2	42,7	35,5	26,5	14,6	43	35,5	26,6	13,9	42,4	35,4	26,4	
20/11/2021	3,5	15,1	17,6	13,8	76,8	6,6	92	56	53	10,9	45	-9999	-9999	-9999	14,5	42,9	35,4	26,4	14,9	43,2	35,5	26,5	14,2	42,6	35,2	26,2	
21/11/2021	4,8	14,2	17,1	12,7	77,7	14,7	90	60	354	10,3	45	-9999	-9999	-9999	14,4	42,6	35,3	26,3	14,6	42,8	35,4	26,5	14,2	42,4	35,2	26,2	
22/11/2021	9,2	11,6	12,5	10,6	70,3	15,8	81	61	10	6,4	0	-9999	-9999	-9999	14,1	42,5	35,4	26,5	14,3	42,6	35,5	26,5	13,9	42,4	35,3	26,4	
23/11/2021	9,3	12,5	14,6	10,6	69,6	15,8	80	59	348	7	0	-9999	-9999	-9999	13,8	42,3	35,5	26,6	14	42,4	35,5	26,7	13,7	42,2	35,4	26,5	
24/11/2021	7,7	12,3	13,5	11,3	71,3	15,9	81	60	350	7,2	0	-9999	-9999	-9999	13,7	42,2	35,5	26,7	13,7	42,2	35,5	26,7	13,6	42,1	35,5	26,6	
25/11/2021	6,9	11,7	14,2	10,1	76,8	15,4	90	60	26	7,6	0	-9999	-9999	-9999	13,6	42,1	35,5	26,7	13,6	42,1	35,5	26,7	13,5	42	35,5	26,7	
26/11/2021	5,7	11,4	12,4	10,4	74,3	13,2	94	60	3	6,9	0	-9999	-9999	-9999	13,4	41,9	35,5	26,7	13,5	42	35,5	26,7	13,3	41,8	35,5	26,7	
27/11/2021	7,6	11,8	12,3	9,7	68,1	20	89	49	331	5,9	0	-9999	-9999	-9999	13,3	41,8	35,5	26,8	13,4	41,9	35,6	26,8	13,2	41,7	35,5	26,7	
28/11/2021	5,1	11,2	14	8,5	87,4	15,6	100	74	310	9,1	315	-9999	-9999	-9999	13,2	41,7	35,5	26,8	13,2	41,8	35,6	26,8	13,1	41,7	35,5	26,8	
29/11/2021	4,9	12,6	13,4	11,1	95,7	13,2	100	78	125	11,9	315	-9999	-9999	-9999	13,2	41,7	35,5	26,8	13,3	41,8	35,6	26,8	13,1	41,6	35,5	26,7	
30/11/2021	3,3	12,1	13,9	11,1	92,2	6,5	100	73	128	10,8	135	-9999	-9999	-9999	13,2	41,7	35,5	26,8	13,4	41,9	35,6	26,8	13,1	41,6	35,5	26,7	
01/12/2021	7,2	12,8	14,1	11,4	89,3	14,6	100	69	302	11	315	-9999	-9999	-9999	13,1	41,6	35,6	26,8	13,1	41,7	35,6	26,8	13	41,5	35,5	26,8	
02/12/2021	5,5	11,7	13	10,2	76,4	18,2	97	61	338	7,6	0	-9999	-9999	-9999	12,9	41,4	35,5	26,8	13	41,5	35,6	26,8	12,9	41,3	35,5	26,8	
03/12/2021	6,2	11,6	13,3	9,8	97,3	13,4	100	90	181	11,2	180	-9999	-9999	-9999	12,9	41,4	35,5	26,8	12,9	41,4	35,5	26,8	12,8	41,3	35,5	26,8	
04/12/2021	7	13,7	14,6	12,4	87,9	14,2	100	64	183	11,6	315	-9999	-9999	-9999	12,9	41,4	35,5	26,8	13	41,5	35,6	26,9	12,8	41,3	35,5	26,8	
05/12/2021	5,7	13,3	13,6	12,4	80,9	15,4	99	55	303	10	315	-9999	-9999	-9999	12,9	41,4	35,5	26,8	12,9	41,5	35,6	26,9	12,8	41,3	35,5	26,8	
06/12/2021	5,3	13,1	14,1	12,2	98,8	14,4	100	85	189	12,9	180	-9999	-9999	-9999	12,8	41,3	35,5	26,8	12,9	41,4	35,5	26,8	12,8	41,3	35,5	26,8	
07/12/2021	10,8	13,7	14,7	9,3	91,6	21,6	100	64	298	12,3	180	-9999	-9999	-9999	12,9	41,4	35,5	26,8	12,9	41,4	35,5	26,9	12,7	41,2	35,4	26,8	
08/12/2021	9,5	12,3	13,3	10,6	76	19,5	98	56	294	8,2	315	-9999	-9999	-9999	12,8	41,3	35,5	26,8	12,9	41,5	35,6	26,9	12,7	41,1	35,4	26,7	
09/12/2021	5,6	13,7	14,3	12,2	98,5	13	100	78	181	13,4	225	-9999	-9999	-9999	12,8	41,2	35,4	26,8	12,8	41,3	35,5	26,9	12,7	41,1	35,3	26,7	
10/12/2021	5,1	13,8	14,8	12,6	99,6	13	100	89	328	13,7	270	-9999	-9999	-9999	12,8	41,2	35,3	26,7	12,9	41,2	35,5	26,8	12,8	41	35,2	26,6	
11/12/2021	2,2	12,9	14,4	11,9	100	5,5	100	100	138	12,9	135	-9999	-9999	-9999	12,8	41	35,2	26,6	13	41,2	35,4	26,7	12,7	40,5	34,9	26,4	
12/12/2021	2,8	11,8	13,3	10,6	98,6	6,3	100	92	25	11,6	45	-9999	-9999	-9999	12,6	40,3	34,7	26,2	12,9	41,1	35,3	26,7	12,3	38,6	33,4	25,3	
13/12/2021	3,2	13,9	17,2	12,2	90,3	9,2	100	59	163	12,1	45	-9999	-9999	-9999	12,7	40,7	35	26,5	12,9	41	35,3	26,7	12,4	39,8	34,3	25,9	
14/12/2021	3,8	13	14,9	11,8	88,6	7,1	100	71	58	11,1	45	-9999	-9999	-9999	12,7	40,4	34,8	26,3	12,9	40,8	35,2	26,6	12,4	39,6	34,1	25,8	
15/12/2021	3,6	12	13,4	10,9	90,2	8,4	100	75	55	10,4	45	-9999	-9999	-9999	12,5	39,5	34,1	25,8	12,7	40,2	34,8	26,3	12,3	38,4	33,2	25,2	
16/12/2021	-9999	-9999	14,1	-9999	-9999	-9999	-9999	-9999	-9999	-9999	45	-9999	-9999	-9999	-9999	-9999	-9999	-9999	-9999	-9999	-9999	-9999	-9999	-9999	-9999	-9999	
17/12/2021	3,4	11,8	13,9	10,6	82,2	8,1	99	58	54	8,8	45	-9999	-9999	-9999	12,3	38,2	33	25	12,8	39,4	33,7	25,5	12	37,6	32,6	24,7	
18/12/2021	4,1	11,8	15,2	10,2	76,1	6,8	95	52	57	7,6	45	-9999	-9999	-9999	12,3	38,8	33,6	25,4	12,6	39,4	34,1	25,9	12	38,2	33	25	
19/12/2021	4,2	12,8	15,4	10,5	71,3	7,6	89	56	69	7,6	45	-9999	-9999	-9999	12,3	39,1	33,8	25,6	12,5	39,5	34,1	25,8	12	38,6	33,6	25,5	
20/12/2021	6,8	15,5	16,2	13,9	71,2	16	100	48	117	10	135	-9999	-9999	-9999	12,1	38,6	33,5	25,4	12,3	39,2	34	25,7	11,9	38	33	25	
21/12/2021	7,9	17,1	19,5	14,7	78,2	14,2	99	64	115	13,2	135	-9999	-9999	-9999	12,4	39,2	33,8	25,6	12,5	39,8	34,3	26	12,2	38,2	33	25	
22/12/2021	9,7	16,1	17,2	14,9	84,3	20,4	100	67	178	13,4	180	-9999	-9999	-9999	12,6	39,6	34,1	25,8	12,6	39,8	34,3	25,9	12,5	39,3	33,9	25,6	
23/12/2021	9,4	14,6	15,1	13,8	98,1	21,6	100	87	173	14,2	180	-9999	-9999	-9999	12,7	40	34,3	25,9	12,8	40,2	34,5	26	12,6	39,7	34,1	25,7	
24/12/2021	13,6	14,2	14,7	11,5	97,6	23,8	100	84	175	13,8	180	-9999	-9999	-9999	13	40,4	34,5	26	13,1	40,8	34,7	26,1	12,8	40,1	34,3	25,9	
25/12/2021	5,3	14,2	14,5	13,8	98,1	18	100	89	161	13,9	180	-9999	-9999	-9999	13,1	40,6	34,5	26	13,4	40,8	34,6	26,1	13	40,4	34,4	25,9	
26/12/2021	-9999	-9999	-9999	-9999	-9999	-9999	-9999	-9999	-9999	-9999	180	-9999	-9999	-9999	-9999	-9999	-9999	-9999	-9999	-9999	-9999	-9999	-9999	-9999	-9999	-9999	
27/12/2021	11,5	15,3	15,7	14,6	100	18,7	100	98	188	15,2	180	-9999	-9999	-9999	13,3	40,6	34,4	25,9	13,3	40,8	34,6	26	13,2	40,5	34,3	25,8	
28/12/2021	11	15,4	15,9	14,6	100	16,1	100	100	174	15,4	180	-9999	-9999	-9999	13,4	40,6	34,4	25,8	13,5	40,8	34,6	26	13,3	40,5	34,2	25,7	
29/12/2021	8,6	15,6	16,5	14,9	97,2	14,9	100	82	180	15,2	180	-9999	-9999	-9999	13,6	40,8	34,3	25,7	13,7	40,9	34,4	25,8	13,5	40,6	34,1	25,6	
30/12/2021	7	14,9	16,9	13,2	94,4	14,1	100	72	189	13,9	180	-9999	-9999	-9999	13,6	40,8	34,3	25,7	13,7	41	34,4	25,8	13,5	40,7	34,2	25,6	
31/12/2021	8,5	19	22,2	15,3	54,9	21,9	90	37	171	9,3	180	-9999	-9999	-9999	13,6	40,7	34,1	25,6	13,7	40,8	34,3	25,7	13,6	40,4	33,9	25,4	